34,108
0,575
0,574
34,107
34,106
0,573
34,38
34,11
0,572
34,4
0,571
0,570
0,569
0,568
34,105
34,104
34,103
34,102
34,101
34,100
67,5
67,4
14,16
75,3
75,2
75,1
75,0
74,4
74,3
74,2
74,1
74,0
73,6
73,5
73,4
73,3
73,2
73,1
73,0
72,25
72,24
72,23
72,22
72,12
72,21
72,20
72,8
72,13
72,19
72,18
72,9
72,17
72,16
72,15
72,14
72,11
72,10
72,4
72,7
72,6
72,5
14,15
72,3
72,2
72,1
72,0
34,99
34,98
0,567
0,566
0,565
0,564
0,563
34,97
0,562
0,561
0,560
0,559
0,558
0,557
0,556
0,555
0,554
0,553
0,552
0,551
0,550
34,96
34,95
34,94
34,93
34,92
34,91
34,90
34,89
34,88
34,87
34,86
34,85
34,84
34,83
34,82
34,81
34,80
34,79
34,78
36,9
36,8
34,77
14,14
71,5
71,4
71,3
71,2
71,1
71,0
32,10
32,9
70,3
70,2
70,1
70,0
14,13
69,5
69,4
69,3
69,2
69,1
69,0
68,4
68,3
68,2
68,1
68,0
67,3
67,2
67,1
67,0
66,5
66,4
66,3
66,2
66,1
66,0
65,5
65,4
65,3
65,2
65,1
65,0
14,12
64,7
64,6
64,5
64,4
64,3
64,2
64,1
64,0
63,6
63,5
63,4
63,3
63,2
63,1
63,0
62,4
62,3
62,2
62,1
62,0
14,11
61,4
61,3
61,2
61,1
61,0
14,10
60,4
60,3
60,2
60,1
60,0
59,3
59,2
59,1
59,0
58,4
58,3
58,2
58,1
58,0
57,9
57,8
57,7
57,6
57,5
57,4
57,3
57,2
57,1
57,0
56,5
56,4
56,3
56,2
56,1
56,0
14,9
55,4
55,3
55,2
55,1
55,0
14,8
54,4
54,3
54,2
54,1
54,0
53,5
53,4
53,3
53,2
53,1
53,0
52,4
52,3
52,2
52,1
52,0
51,3
51,2
51,1
51,0
50,5
50,4
50,3
50,2
50,1
50,0
49,3
49,2
49,1
49,0
